program	base	pad2	before	close	pad2 d%	before d%	close d%	base spread%	pad2 spread%	before spread%	close spread%
alloc	20345537514	20345537378	20347942350	20339061961	-0.0000	+0.0118	-0.0318	0.0000	0.0000	0.0000	0.0000
alloc4c	3140684485	3140684485	3142591162	3138631510	+0.0000	+0.0607	-0.0654	0.0000	0.0000	0.0000	0.0000
arith	11488858265	11488857875	11521733577	11520159505	-0.0000	+0.2861	+0.2724	0.0000	0.0000	0.0000	0.0000
assign	18983599254	18983599118	18383756649	18382757609	-0.0000	-3.1598	-3.1651	0.0000	0.0000	0.0000	0.0000
compound	8937498030	8937498166	8847648663	8837648860	+0.0000	-1.0053	-1.1172	0.0000	0.0000	0.0000	0.0000
decloop	2469010741	2469010877	2411801704	2413754142	+0.0000	-2.3171	-2.2380	0.0000	0.0000	0.0000	0.0000
decrender	4228326951	4228326561	4181517933	4183470556	-0.0000	-1.1070	-1.0609	0.0000	0.0000	0.0000	0.0000
dirread	2644856962	2644856962	2648223646	2647632072	+0.0000	+0.1273	+0.1049	0.0000	0.0000	0.0000	0.0000
dispatch	20809502845	20809502845	20704658560	20734659029	+0.0000	-0.5038	-0.3597	0.0000	0.0000	0.0000	0.0000
dispatchclass	15794935187	15794935187	15671090865	15695091252	+0.0000	-0.7841	-0.6321	0.0000	0.0000	0.0000	0.0000
emptyloop	7786099871	7786099871	7761255262	7736255753	+0.0000	-0.3191	-0.6402	0.0000	0.0000	0.0000	0.0000
extcall	7552641451	7552641451	7555796054	7552797478	+0.0000	+0.0418	+0.0021	0.0000	0.0000	0.0000	0.0000
fibcall	8413280378	8413280124	8452122666	8450403822	-0.0000	+0.4617	+0.4412	0.0000	0.0000	0.0000	0.0000
fibfunc	8228290764	8228290782	8267132941	8263694571	+0.0000	+0.4721	+0.4303	0.0000	0.0000	0.0000	0.0000
heapshape	2334068378	2334068378	2335282641	2334284662	+0.0000	+0.0520	+0.0093	0.0000	0.0000	0.0000	0.0000
nop	9283340655	9283340519	9183496633	9182497483	-0.0000	-1.0755	-1.0863	0.0000	0.0000	0.0000	0.0000
parse	1536336774	1536336384	1563707367	1554739827	-0.0000	+1.7815	+1.1979	0.0000	0.0000	0.0000	0.0000
sayloop	109048217	109048335	109203610	108604311	+0.0001	+0.1425	-0.4071	0.0001	0.0001	0.0001	0.0001
sendloop	14013810691	14013810709	13913966343	13943966952	+0.0000	-0.7125	-0.4984	0.0000	0.0000	0.0000	0.0000
startup	58097223	58097223	58252335	58252910	+0.0000	+0.2670	+0.2680	0.0002	0.0002	0.0002	0.0002
strings	17537481300	17537480472	17617874635	17602983468	-0.0000	+0.4584	+0.3735	0.0000	0.0000	0.0000	0.0000
textnum	1155145989	1155145989	1149101649	1148902227	+0.0000	-0.5233	-0.5405	0.0000	0.0000	0.0000	0.0000
varlookup	13437530297	13437530297	13152684892	13133685960	+0.0000	-2.1198	-2.2612	0.0000	0.0000	0.0000	0.0000
rexxcps	17788421071	17788420621	17864340887	17836342593	-0.0000	+0.4268	+0.2694	0.0001	0.0001	0.0000	0.0000
pingguard	1159017714	1159017854	1152173245	1150773954	+0.0000	-0.5905	-0.7113	0.0000	0.0001	0.0000	0.0000
pingmsg	1676421012	1676421130	1676102914	1675714717	+0.0000	-0.0190	-0.0421	0.0000	0.0000	0.0000	0.0000
pingsem	1181250699	1181250763	1175705406	1175506121	+0.0000	-0.4694	-0.4863	0.0000	0.0000	0.0000	0.0001
