program	base	s1	head	s1 d%	head d%	base spread%	s1 spread%	head spread%
alloc	25168678552	20270018733	20306537732	-19.4633	-19.3182	0.0000	0.0000	0.0000
alloc4c	3224395147	3176498954	3140691245	-1.4854	-2.5960	0.0000	0.0000	0.0000
arith	11520060248	11498165931	11488858483	-0.1901	-0.2708	0.0000	0.0000	0.0000
assign	19637557608	18840415736	18983599529	-4.0593	-3.3301	0.0000	0.0000	0.0000
compound	9271611305	9187029589	8937498289	-0.9123	-3.6036	0.0000	0.0000	0.0000
decloop	2565175813	2536049191	2469011111	-1.1355	-3.7489	0.0000	0.0000	0.0000
decrender	4348396391	4276915138	4228327169	-1.6439	-2.7612	0.0000	0.0000	0.0000
dispatch	20483284942	20493850247	21219503159	+0.0516	+3.5942	0.0000	0.0000	0.0000
dispatchclass	15850195790	15490532866	16022935465	-2.2691	+1.0898	0.0000	0.0000	0.0000
emptyloop	9308098509	9259510179	7786100225	-0.5220	-16.3513	0.0000	0.0000	0.0000
extcall	8281259626	8230425336	7552641804	-0.6138	-8.7984	0.0000	0.0000	0.0000
fibcall	8345686523	8324736299	8476898128	-0.2510	+1.5722	0.0000	0.0000	0.0000
fibfunc	7988911869	8138967467	8302021934	+1.8783	+3.9193	0.0000	0.0000	0.0000
heapshape	3278634306	2373955779	2332058986	-27.5932	-28.8710	0.0000	0.0000	0.0000
nop	9437300276	9240156972	9283340889	-2.0890	-1.6314	0.0000	0.0000	0.0000
parse	1541986815	1534028319	1536336992	-0.5161	-0.3664	0.0000	0.0000	0.0000
sayloop	114813474	114714872	109048569	-0.0859	-5.0211	0.0000	0.0000	0.0000
sendloop	13863190672	13703470952	14298810887	-1.1521	+3.1423	0.0000	0.0000	0.0000
startup	58074163	58070010	58097457	-0.0072	+0.0401	0.0000	0.0000	0.0000
strings	17749287588	17503789392	17537481670	-1.3831	-1.1933	0.0000	0.0000	0.0000
textnum	1176579585	1152443733	1155146223	-2.0514	-1.8217	0.0000	0.0000	0.0000
varlookup	14878111883	14461721850	13437530651	-2.7987	-9.6826	0.0000	0.0000	0.0000
rexxcps	17817352138	17663726114	17798509267	-0.8622	-0.1058	0.0001	0.0000	0.0001
