program	base	s1	r2	s1 d%	r2 d%	base spread%	s1 spread%	r2 spread%
alloc	25168678552	20270018733	20273537066	-19.4633	-19.4493	0.0000	0.0000	0.0000
alloc4c	3224395147	3176498954	3134690667	-1.4854	-2.7821	0.0000	0.0000	0.0000
arith	11520060248	11498165931	11497357818	-0.1901	-0.1971	0.0000	0.0000	0.0000
assign	19637557608	18840415736	19183599078	-4.0593	-2.3117	0.0000	0.0000	0.0000
compound	9271611305	9187029589	8962498777	-0.9123	-3.3340	0.0000	0.0000	0.0000
decloop	2565175813	2536049191	2472610533	-1.1355	-3.6085	0.0000	0.0000	0.0000
decrender	4348396391	4276915138	4225526504	-1.6439	-2.8256	0.0000	0.0000	0.0000
dispatch	20483284942	20493850247	20889502607	+0.0516	+1.9832	0.0000	0.0000	0.0000
dispatchclass	15850195790	15490532866	15742934858	-2.2691	-0.6767	0.0000	0.0000	0.0000
emptyloop	9308098509	9259510179	7861099557	-0.5220	-15.5456	0.0000	0.0000	0.0000
extcall	8281259626	8230425336	7537641225	-0.6138	-8.9795	0.0000	0.0000	0.0000
fibcall	8345686523	8324736299	8427035318	-0.2510	+0.9747	0.0000	0.0000	0.0000
fibfunc	7988911869	8138967467	8218834014	+1.8783	+2.8780	0.0000	0.0000	0.0000
heapshape	3278634306	2373955779	2328052502	-27.5932	-28.9932	0.0000	0.0000	0.0000
nop	9437300276	9240156972	9583340308	-2.0890	+1.5475	0.0000	0.0000	0.0000
parse	1541986815	1534028319	1534536329	-0.5161	-0.4832	0.0000	0.0000	0.0000
sayloop	114813474	114714872	109247986	-0.0859	-4.8474	0.0000	0.0000	0.0000
sendloop	13863190672	13703470952	13973810423	-1.1521	+0.7979	0.0000	0.0000	0.0000
startup	58074163	58070010	58096872	-0.0072	+0.0391	0.0000	0.0000	0.0000
strings	17749287588	17503789392	17462481092	-1.3831	-1.6159	0.0000	0.0000	0.0000
textnum	1176579585	1152443733	1155745643	-2.0514	-1.7707	0.0000	0.0000	0.0000
varlookup	14878111883	14461721850	13532529986	-2.7987	-9.0440	0.0000	0.0000	0.0000
rexxcps	17817346751	17663737302	17786367746	-0.8621	-0.1739	0.0000	0.0001	0.0000
