emptyloop,base,1,1249218611,7847705073,5,3,
emptyloop,pad2,1,1247306792,7847705566,6,3,
emptyloop,close,1,1312513189,7797873704,14,8,
emptyloop,cpad8,1,1308130371,7797871814,6,4,
emptyloop,cpad48,1,1310489084,7797871760,12,6,
emptyloop,base,2,1262550161,7847705242,16,9,
emptyloop,pad2,2,1247987840,7847705858,5,3,
emptyloop,close,2,1323344380,7797873676,9,4,
emptyloop,cpad8,2,1301836120,7797871362,6,2,
emptyloop,cpad48,2,1327162967,7797872122,12,5,
emptyloop,base,3,1254501707,7847705022,7,3,
emptyloop,pad2,3,1258751694,7847706096,9,4,
emptyloop,close,3,1305938358,7797873821,6,2,
emptyloop,cpad8,3,1311883139,7797871547,13,5,
emptyloop,cpad48,3,1309298801,7797871766,9,1,
emptyloop,base,4,1254173382,7847705590,10,2,
emptyloop,pad2,4,1255367690,7847706306,6,1,
emptyloop,close,4,1317297316,7797873745,13,6,
emptyloop,cpad8,4,1309495254,7797871959,7,3,
emptyloop,cpad48,4,1310446705,7797871578,4,1,
emptyloop,base,5,1255054316,7847705196,12,7,
emptyloop,pad2,5,1264283189,7847705785,8,3,
emptyloop,close,5,1303655074,7797873444,8,3,
emptyloop,cpad8,5,1321894829,7797871499,8,3,
emptyloop,cpad48,5,1314632625,7797872237,13,8,
pingpong/pingsem,base,1,334687363,1303937623,785,4,
pingpong/pingsem,pad2,1,330953992,1303938469,785,4,
pingpong/pingsem,close,1,350792240,1310398291,784,3,
pingpong/pingsem,cpad8,1,336574163,1310396264,785,5,
pingpong/pingsem,cpad48,1,347139794,1310396501,785,4,
pingpong/pingsem,base,2,334957405,1303937374,785,4,
pingpong/pingsem,pad2,2,338050947,1303939172,787,5,
pingpong/pingsem,close,2,347664894,1310398537,787,3,
pingpong/pingsem,cpad8,2,352883508,1310396034,785,1,
pingpong/pingsem,cpad48,2,353403230,1310396468,786,4,
pingpong/pingsem,base,3,338402465,1303937890,786,1,
pingpong/pingsem,pad2,3,344363217,1303938292,785,2,
pingpong/pingsem,close,3,350625555,1310398751,786,5,
pingpong/pingsem,cpad8,3,333781422,1310396075,786,3,
pingpong/pingsem,cpad48,3,344438744,1310397278,785,5,
pingpong/pingsem,base,4,327745163,1303938240,784,1,
pingpong/pingsem,pad2,4,337064540,1303938118,785,4,
pingpong/pingsem,close,4,343093878,1310398594,785,2,
pingpong/pingsem,cpad8,4,332392758,1310395951,785,3,
pingpong/pingsem,cpad48,4,348722217,1310397307,786,3,
pingpong/pingsem,base,5,331646103,1303937989,786,3,
pingpong/pingsem,pad2,5,345272592,1303938146,785,3,
pingpong/pingsem,close,5,350231550,1310446770,788,6,
pingpong/pingsem,cpad8,5,346677409,1310396909,785,1,
pingpong/pingsem,cpad48,5,349034853,1310396398,784,1,
pingpong/pingguard,base,1,321622330,1316989180,785,5,
pingpong/pingguard,pad2,1,327530337,1316989448,786,3,
pingpong/pingguard,close,1,332260528,1308748507,786,4,
pingpong/pingguard,cpad8,1,330667063,1308746959,784,2,
pingpong/pingguard,cpad48,1,332599160,1308747191,785,1,
pingpong/pingguard,base,2,325230323,1316988442,784,2,
pingpong/pingguard,pad2,2,332855494,1316988704,788,2,
pingpong/pingguard,close,2,339958029,1308749293,784,3,
pingpong/pingguard,cpad8,2,330911793,1308746434,787,4,
pingpong/pingguard,cpad48,2,337327686,1308747317,791,7,
pingpong/pingguard,base,3,329543073,1316988532,786,7,
pingpong/pingguard,pad2,3,331235913,1316989444,786,4,
pingpong/pingguard,close,3,333770293,1308749249,785,2,
pingpong/pingguard,cpad8,3,333412861,1308746232,786,4,
pingpong/pingguard,cpad48,3,332543236,1308747075,788,2,
pingpong/pingguard,base,4,325987572,1316989389,789,5,
pingpong/pingguard,pad2,4,329007400,1316989345,787,7,
pingpong/pingguard,close,4,341727077,1308748468,785,2,
pingpong/pingguard,cpad8,4,326836003,1308747049,786,3,
pingpong/pingguard,cpad48,4,331821618,1308747080,786,2,
pingpong/pingguard,base,5,323883995,1316989284,785,3,
pingpong/pingguard,pad2,5,336420192,1316989574,787,3,
pingpong/pingguard,close,5,341092439,1308749235,787,8,
pingpong/pingguard,cpad8,5,334356927,1308746279,787,4,
pingpong/pingguard,cpad48,5,339480539,1308746802,788,7,
