program	head	expJ	expJ d%	head spread%	expJ spread%
alloc	20306537785	20345537929	+0.1921	0.0000	0.0000
alloc4c	3140691169	3140691313	+0.0000	0.0000	0.0000
arith	11488858672	11488857852	-0.0000	0.0000	0.0000
assign	18983599425	18983599569	+0.0000	0.0000	0.0000
compound	8937497829	8937498801	+0.0000	0.0000	0.0000
decloop	2469010207	2469011179	+0.0000	0.0000	0.0000
decrender	4228326394	4228327366	+0.0000	0.0000	0.0000
dispatch	21219503527	20809503616	-1.9322	0.0000	0.0000
dispatchclass	16022934690	15794935720	-1.4230	0.0000	0.0000
emptyloop	7786100278	7786100422	+0.0000	0.0000	0.0000
extcall	7552641728	7552641880	+0.0000	0.0000	0.0000
fibcall	8476898052	8413280816	-0.7505	0.0000	0.0000
fibfunc	8302021858	8228291202	-0.8881	0.0000	0.0000
heapshape	2332059175	2334068929	+0.0862	0.0000	0.0000
nop	9283340813	9283341093	+0.0000	0.0000	0.0000
parse	1536337063	1536337189	+0.0000	0.0000	0.0000
sayloop	109048493	109048637	+0.0001	0.0000	0.0000
sendloop	14298811391	14013810634	-1.9932	0.0000	0.0000
startup	58097381	58097525	+0.0002	0.0000	0.0000
strings	17537481594	17537481738	+0.0000	0.0000	0.0000
textnum	1155145319	1155146291	+0.0001	0.0000	0.0000
varlookup	13437530704	13437530848	+0.0000	0.0000	0.0000
rexxcps	17798501221	17788421193	-0.0566	0.0000	0.0000
