program	base	s1	r1	s1 d%	r1 d%	base spread%	s1 spread%	r1 spread%
alloc	25168678552	20270018733	20345537944	-19.4633	-19.1633	0.0000	0.0000	0.0000
alloc4c	3224395147	3176498954	3140691544	-1.4854	-2.5959	0.0000	0.0000	0.0000
arith	11520060248	11498165931	11488858695	-0.1901	-0.2708	0.0000	0.0000	0.0000
assign	19637557608	18840415736	18983599956	-4.0593	-3.3301	0.0000	0.0000	0.0000
compound	9271611305	9187029589	8937498645	-0.9123	-3.6036	0.0000	0.0000	0.0000
decloop	2565175813	2536049191	2469011410	-1.1355	-3.7488	0.0000	0.0000	0.0000
decrender	4348396391	4276915138	4228327381	-1.6439	-2.7612	0.0000	0.0000	0.0000
dispatch	20483284942	20493850247	20974503424	+0.0516	+2.3981	0.0000	0.0000	0.0000
dispatchclass	15850195790	15490532866	15826935681	-2.2691	-0.1467	0.0000	0.0000	0.0000
emptyloop	9308098509	9259510179	7786100437	-0.5220	-16.3513	0.0000	0.0000	0.0000
extcall	8281259626	8230425336	7549642102	-0.6138	-8.8346	0.0000	0.0000	0.0000
fibcall	8345686523	8324736299	8451513416	-0.2510	+1.2680	0.0000	0.0000	0.0000
fibfunc	7988911869	8138967467	8266523802	+1.8783	+3.4750	0.0000	0.0000	0.0000
heapshape	3278634306	2373955779	2334068808	-27.5932	-28.8097	0.0000	0.0000	0.0000
nop	9437300276	9240156972	9283341188	-2.0890	-1.6314	0.0000	0.0000	0.0000
parse	1541986815	1534028319	1536337204	-0.5161	-0.3664	0.0000	0.0000	0.0000
sayloop	114813474	114714872	109048868	-0.0859	-5.0208	0.0000	0.0000	0.0000
sendloop	13863190672	13703470952	14053811252	-1.1521	+1.3750	0.0000	0.0000	0.0000
startup	58074163	58070010	58097756	-0.0072	+0.0406	0.0000	0.0000	0.0000
strings	17749287588	17503789392	17537481969	-1.3831	-1.1933	0.0000	0.0000	0.0000
textnum	1176579585	1152443733	1155146522	-2.0514	-1.8216	0.0000	0.0000	0.0000
varlookup	14878111883	14461721850	13437530863	-2.7987	-9.6826	0.0000	0.0000	0.0000
rexxcps	17817345490	17663721211	17794581994	-0.8622	-0.1278	0.0001	0.0000	0.0000
