program	base	s1	pad1	pad2	pad3	s1 d%	pad1 d%	pad2 d%	pad3 d%	base spread%	s1 spread%	pad1 spread%	pad2 spread%	pad3 spread%
alloc	25168677522	20270017677	25168677522	25168677522	25168677522	-19.4633	+0.0000	+0.0000	+0.0000	0.0000	0.0000	0.0000	0.0000	0.0000
alloc4c	3224394091	3176497924	3224394091	3224394091	3224394091	-1.4854	+0.0000	+0.0000	+0.0000	0.0000	0.0000	0.0000	0.0000	0.0000
arith	11520059218	11498164875	11520059218	11520059218	11520059218	-0.1901	+0.0000	+0.0000	+0.0000	0.0000	0.0000	0.0000	0.0000	0.0000
assign	19637556640	18840414548	19637556640	19637556640	19637556640	-4.0593	+0.0000	+0.0000	+0.0000	0.0000	0.0000	0.0000	0.0000	0.0000
compound	9271610392	9187028618	9271610392	9271610392	9271610392	-0.9123	+0.0000	+0.0000	+0.0000	0.0000	0.0000	0.0000	0.0000	0.0000
decloop	2565174757	2536048161	2565174757	2565174757	2565174757	-1.1355	+0.0000	+0.0000	+0.0000	0.0000	0.0000	0.0000	0.0000	0.0000
decrender	4348395361	4276914082	4348395361	4348395361	4348395361	-1.6439	+0.0000	+0.0000	+0.0000	0.0000	0.0000	0.0000	0.0000	0.0000
dispatch	20483284029	20493849276	20483284029	20483284029	20483284029	+0.0516	+0.0000	+0.0000	+0.0000	0.0000	0.0000	0.0000	0.0000	0.0000
dispatchclass	15850194760	15490531810	15850194760	15850194760	15850194760	-2.2691	+0.0000	+0.0000	+0.0000	0.0000	0.0000	0.0000	0.0000	0.0000
emptyloop	9308097479	9259509123	9308097479	9308097479	9308097479	-0.5220	+0.0000	+0.0000	+0.0000	0.0000	0.0000	0.0000	0.0000	0.0000
extcall	8281258570	8230424306	8281258570	8281258570	8281258570	-0.6138	+0.0000	+0.0000	+0.0000	0.0000	0.0000	0.0000	0.0000	0.0000
fibcall	8345685467	8324735269	8345685467	8345685467	8345685467	-0.2510	+0.0000	+0.0000	+0.0000	0.0000	0.0000	0.0000	0.0000	0.0000
fibfunc	7988910813	8138966437	7988910813	7988910813	7988910813	+1.8783	+0.0000	+0.0000	+0.0000	0.0000	0.0000	0.0000	0.0000	0.0000
heapshape	3278633276	2373954723	3278633276	3278633276	3278633276	-27.5932	+0.0000	+0.0000	+0.0000	0.0000	0.0000	0.0000	0.0000	0.0000
nop	9437299220	9240155942	9437299220	9437299220	9437299220	-2.0890	+0.0000	+0.0000	+0.0000	0.0000	0.0000	0.0000	0.0000	0.0000
parse	1541985785	1534027263	1541985785	1541985785	1541985785	-0.5161	+0.0000	+0.0000	+0.0000	0.0000	0.0000	0.0000	0.0000	0.0000
sayloop	114812418	114713842	114812418	114812418	114812418	-0.0859	+0.0000	+0.0000	+0.0000	0.0000	0.0000	0.0000	0.0000	0.0000
sendloop	13863189759	13703469981	13863189759	13863189759	13863189759	-1.1521	+0.0000	+0.0000	+0.0000	0.0000	0.0000	0.0000	0.0000	0.0000
startup	58073107	58068980	58073107	58073107	58073107	-0.0071	+0.0000	+0.0000	+0.0000	0.0000	0.0000	0.0000	0.0000	0.0000
strings	17749286532	17503788362	17749286532	17749286532	17749286532	-1.3831	+0.0000	+0.0000	+0.0000	0.0000	0.0000	0.0000	0.0000	0.0000
textnum	1176578529	1152442703	1176578529	1176578529	1176578529	-2.0514	+0.0000	+0.0000	+0.0000	0.0000	0.0000	0.0000	0.0000	0.0000
varlookup	14878110853	14461720794	14878110853	14878110853	14878110853	-2.7987	+0.0000	+0.0000	+0.0000	0.0000	0.0000	0.0000	0.0000	0.0000
rexxcps	17817350141	17663738442	17817351918	17817352699	17817346753	-0.8621	+0.0000	+0.0000	-0.0000	0.0000	0.0000	0.0000	0.0000	0.0001
