program	base	pad2	head	pad2 d%	head d%	base spread%	pad2 spread%	head spread%
alloc	20345537514	20345537514	20347942237	+0.0000	+0.0118	0.0000	0.0000	0.0000
alloc4c	3140684485	3140684485	3142591293	+0.0000	+0.0607	0.0000	0.0000	0.0000
arith	11488858265	11488858265	11521733464	+0.0000	+0.2861	0.0000	0.0000	0.0000
assign	18983599254	18983599254	18383757141	+0.0000	-3.1598	0.0000	0.0000	0.0000
compound	8937498166	8937498166	8847648844	+0.0000	-1.0053	0.0000	0.0000	0.0000
decloop	2469010877	2469010877	2411801699	+0.0000	-2.3171	0.0000	0.0000	0.0000
decrender	4228326951	4228326951	4181517938	+0.0000	-1.1070	0.0000	0.0000	0.0000
dirread	2644857098	2644857098	2648223641	+0.0000	+0.1273	0.0000	0.0000	0.0000
dispatch	20809502981	20809502981	20704658741	+0.0000	-0.5038	0.0000	0.0000	0.0000
dispatchclass	15794935305	15794935305	15671090752	+0.0000	-0.7841	0.0000	0.0000	0.0000
emptyloop	7786100007	7786100007	7761255149	+0.0000	-0.3191	0.0000	0.0000	0.0000
extcall	7552641569	7552641569	7555797013	+0.0000	+0.0418	0.0000	0.0000	0.0000
fibcall	8413280514	8413280514	8452122797	+0.0000	+0.4617	0.0000	0.0000	0.0000
fibfunc	8228290900	8228290900	8267132936	+0.0000	+0.4721	0.0000	0.0000	0.0000
heapshape	2334068378	2334068378	2335282528	+0.0000	+0.0520	0.0000	0.0000	0.0000
nop	9283340655	9283340655	9183497018	+0.0000	-1.0755	0.0000	0.0000	0.0000
parse	1536336774	1536336774	1563707390	+0.0000	+1.7816	0.0000	0.0000	0.0000
sayloop	109048335	109048335	109203723	+0.0000	+0.1425	0.0000	0.0001	0.0001
sendloop	14013810827	14013810827	13913966415	+0.0000	-0.7125	0.0000	0.0000	0.0000
startup	58097223	58097223	58252448	+0.0000	+0.2672	0.0002	0.0002	0.0002
strings	17537481046	17537481436	17617874376	+0.0000	+0.4584	0.0000	0.0000	0.0000
textnum	1155145989	1155145989	1149101780	+0.0000	-0.5232	0.0000	0.0000	0.0000
varlookup	13437530433	13437530433	13152685743	+0.0000	-2.1198	0.0000	0.0000	0.0000
rexxcps	17788423183	17788422058	17864345641	-0.0000	+0.4268	0.0000	0.0001	0.0000
pingguard	1159018144	1159017612	1152173207	-0.0000	-0.5906	0.0069	0.0129	0.0010
pingmsg	1676421130	1676421130	1676102977	+0.0000	-0.0190	0.0000	0.0000	0.0000
pingsem	1181250518	1181249957	1175705976	-0.0000	-0.4694	0.0000	0.0001	0.0042
