rexxcps 0 17897276821 0 17895021796 0 17897287851 0 17895036456
nop 0 9340094695 0 9340101302 0 9340098457 0 9340105654
assign 0 19540360342 0 19540362723 0 19540361928 0 19540363644
emptyloop 0 9285889130 0 9285882413 0 9285882173 0 9285883596
varlookup 0 14842896471 0 14842899605 0 14842899742 0 14842901535
arith 0 11519342277 0 11519344937 0 11519337321 0 11519335804
compound 0 9234398051 0 9234395510 0 9234393159 0 9234397025
dispatch 0 20471081669 0 20461083822 0 20471079920 0 20461078720
strings 0 17788061334 0 17737063413 0 17788060541 0 17737068241
startup 0 60856349 0 60859727 0 60861846 0 60858247
parse 0 1539184444 0 1543380824 0 1539180649 0 1543384849
